0353994711603561
0353994711603562
0353994711603563
0353994711603564
0353994711603565
0353994711603566
0353994711603567
0353994711603568
0353994711603569
0353994711603570
0353994711603571
0353994711603572
0353994711603573
0353994711603574
0353994711603575
0353994711603576
0353994711603577
0353994711603578
0353994711603579
0353994711603580
0353994711603581
0353994711603582
0353994711603583
0353994711603584
0353994711603585
0353994711603586
0353994711603587
0353994711603588
0353994711603589
0353994711603590
0353994711603591
0353994711603592
0353994711603593
0353994711603594
0353994711603595
0353994711603596
0353994711603597
0353994711603598
0353994711603599
0353994711603600
0353994711603601
0353994711603602
0353994711603603
0353994711603604
0353994711603605
0353994711603606
0353994711603607
0353994711603608
0353994711603609
0353994711603610
0353994711603611
0353994711603612
0353994711603613
0353994711603614
0353994711603615
0353994711603616
0353994711603617
0353994711603618
0353994711603619
0353994711603620
0353994711603621
0353994711603622
0353994711603623
0353994711603624
0353994711603625
0353994711603626
0353994711603627
0353994711603628
0353994711603629
0353994711603630
0353994711603631
0353994711603632
0353994711603633
0353994711603634
0353994711603635
0353994711603636
0353994711603637
0353994711603638
0353994711603639
0353994711603640
0353994711603641
0353994711603642
0353994711603643
0353994711603644
0353994711603645
0353994711603646
0353994711603647
0353994711603648
0353994711603649
0353994711603650
0353994711603651
0353994711603652
0353994711603653
0353994711603654
0353994711603655
0353994711603656
0353994711603657
0353994711603658
0353994711603659
0353994711603660
0353994711603661
0353994711603662
0353994711603663
0353994711603664
0353994711603665
0353994711603666
0353994711603667
0353994711603668
0353994711603669
0353994711603670
0353994711603671
0353994711603672
0353994711603673
0353994711603674
0353994711603675
0353994711603676
0353994711603677
0353994711603678
0353994711603679
0353994711603680
0353994711603681
0353994711603682
0353994711603683
0353994711603684
0353994711603685
0353994711603686
0353994711603687
0353994711603688
0353994711603689
0353994711603690
0353994711603691
0353994711603692
0353994711603693
0353994711603694
0353994711603695
0353994711603696
0353994711603697
0353994711603698
0353994711603699
0353994711603700
0353994711603701
0353994711603702
0353994711603703
0353994711603704
0353994711603705
0353994711603706
0353994711603707
0353994711603708
0353994711603709
0353994711603710
0353994711603711
0353994711603712
0353994711603713
0353994711603714
0353994711603715
0353994711603716
0353994711603717
0353994711603718
0353994711603719
0353994711603720
0353994711603721
0353994711603722
0353994711603723
0353994711603724
0353994711603725
0353994711603726
0353994711603727
0353994711603728
0353994711603729
0353994711603730
0353994711603731
0353994711603732
0353994711603733
0353994711603734
0353994711603735
0353994711603736
0353994711603737
0353994711603738
0353994711603739
0353994711603740
0353994711603741
0353994711603742
0353994711603743
0353994711603744
0353994711603745
0353994711603746
0353994711603747
0353994711603748
0353994711603749
0353994711603750
0353994711603751
0353994711603752
0353994711603753
0353994711603754
0353994711603755
0353994711603756
0353994711603757
0353994711603758
0353994711603759
0353994711603760
