0353994711604227
0353994711604228
0353994711604229
0353994711604230
0353994711604231
0353994711604232
0353994711604233
0353994711604234
0353994711604235
0353994711604236
0353994711604237
0353994711604238
0353994711604239
0353994711604240
0353994711604241
0353994711604242
0353994711604243
0353994711604244
0353994711604245
0353994711604246
0353994711604247
0353994711604248
0353994711604249
0353994711604250
0353994711604251
0353994711604252
0353994711604253
0353994711604254
0353994711604255
0353994711604256
0353994711604257
0353994711604258
0353994711604259
0353994711604260
0353994711604261
0353994711604262
0353994711604263
0353994711604264
0353994711604265
0353994711604266
0353994711604267
0353994711604268
0353994711604269
0353994711604270
0353994711604271
0353994711604272
0353994711604273
0353994711604274
0353994711604275
0353994711604276
0353994711604277
0353994711604278
0353994711604279
0353994711604280
0353994711604281
0353994711604282
0353994711604283
0353994711604284
0353994711604285
0353994711604286
0353994711604287
0353994711604288
0353994711604289
0353994711604290
0353994711604291
0353994711604292
0353994711604293
0353994711604294
0353994711604295
0353994711604296
0353994711604297
0353994711604298
0353994711604299
0353994711604300
0353994711604301
0353994711604302
0353994711604303
0353994711604304
0353994711604305
0353994711604306
0353994711604307
0353994711604308
0353994711604309
0353994711604310
0353994711604311
0353994711604312
0353994711604313
0353994711604314
0353994711604315
0353994711604316
0353994711604317
0353994711604318
0353994711604319
0353994711604320
0353994711604321
0353994711604322
0353994711604323
0353994711604324
0353994711604325
0353994711604326
0353994711604327
0353994711604328
0353994711604329
0353994711604330
0353994711604331
0353994711604332
0353994711604333
0353994711604334
0353994711604335
0353994711604336
0353994711604337
0353994711604338
0353994711604339
0353994711604340
0353994711604341
0353994711604342
0353994711604343
0353994711604344
0353994711604345
0353994711604346
0353994711604347
0353994711604348
0353994711604349
0353994711604350
0353994711604351
0353994711604352
0353994711604353
0353994711604354
0353994711604355
0353994711604356
0353994711604357
0353994711604358
0353994711604359
0353994711604360
0353994711604361
0353994711604362
0353994711604363
0353994711604364
0353994711604365
0353994711604366
0353994711604367
0353994711604368
0353994711604369
0353994711604370
0353994711604371
0353994711604372
0353994711604373
0353994711604374
0353994711604375
0353994711604376
0353994711604377
0353994711604378
0353994711604379
0353994711604380
0353994711604381
0353994711604382
0353994711604383
0353994711604384
0353994711604385
0353994711604386
0353994711604387
0353994711604388
0353994711604389
0353994711604390
0353994711604391
0353994711604392
0353994711604393
0353994711604394
0353994711604395
0353994711604396
0353994711604397
0353994711604398
0353994711604399
0353994711604400
0353994711604401
0353994711604402
0353994711604403
0353994711604404
0353994711604405
0353994711604406
0353994711604407
0353994711604408
0353994711604409
0353994711604410
0353994711604411
0353994711604412
0353994711604413
0353994711604414
0353994711604415
0353994711604416
0353994711604417
0353994711604418
0353994711604419
0353994711604420
0353994711604421
0353994711604422
0353994711604423
0353994711604424
0353994711604425
0353994711604426
0353994711604427
0353994711604428
0353994711604429
0353994711604430
0353994711604431
0353994711604432
0353994711604433
0353994711604434
0353994711604435
0353994711604436
0353994711604437
0353994711604438
0353994711604439
0353994711604440
0353994711604441
0353994711604442
0353994711604443
0353994711604444
0353994711604445
0353994711604446
0353994711604447
0353994711604448
0353994711604449
0353994711604450
0353994711604451
0353994711604452
0353994711604453
0353994711604454
0353994711604455
0353994711604456
0353994711604457
0353994711604458
0353994711604459
0353994711604460
0353994711604461
0353994711604462
0353994711604463
0353994711604464
0353994711604465
0353994711604466
0353994711604467
0353994711604468
0353994711604469
0353994711604470
0353994711604471
0353994711604472
0353994711604473
0353994711604474
0353994711604475
0353994711604476
0353994711604477
0353994711604478
0353994711604479
0353994711604480
0353994711604481
0353994711604482
0353994711604483
0353994711604484
0353994711604485
0353994711604486
0353994711604487
0353994711604488
0353994711604489
0353994711604490
0353994711604491
0353994711604492
0353994711604493
0353994711604494
0353994711604495
0353994711604496
0353994711604497
0353994711604498
0353994711604499
0353994711604500
0353994711604501
0353994711604502
0353994711604503
0353994711604504
0353994711604505
0353994711604506
0353994711604507
0353994711604508
0353994711604509
0353994711604510
0353994711604511
0353994711604512
0353994711604513
0353994711604514
0353994711604515
0353994711604516
0353994711604517
0353994711604518
0353994711604519
0353994711604520
0353994711604521
0353994711604522
0353994711604523
0353994711604524
0353994711604525
0353994711604526
0353994711604527
0353994711604528
0353994711604529
0353994711604530
0353994711604531
0353994711604532
0353994711604533
0353994711604534
0353994711604535
0353994711604536
0353994711604537
0353994711604538
0353994711604539
0353994711604540
0353994711604541
0353994711604542
0353994711604543
0353994711604544
0353994711604545
0353994711604546
0353994711604547
0353994711604548
0353994711604549
0353994711604550
0353994711604551
0353994711604552
0353994711604553
0353994711604554
0353994711604555
0353994711604556
0353994711604557
0353994711604558
0353994711604559
0353994711604560