0353994711603894
0353994711603895
0353994711603896
0353994711603897
0353994711603898
0353994711603899
0353994711603900
0353994711603901
0353994711603902
0353994711603903
0353994711603904
0353994711603905
0353994711603906
0353994711603907
0353994711603908
0353994711603909
0353994711603910
0353994711603911
0353994711603912
0353994711603913
0353994711603914
0353994711603915
0353994711603916
0353994711603917
0353994711603918
0353994711603919
0353994711603920
0353994711603921
0353994711603922
0353994711603923
0353994711603924
0353994711603925
0353994711603926
0353994711603927
0353994711603928
0353994711603929
0353994711603930
0353994711603931
0353994711603932
0353994711603933
0353994711603934
0353994711603935
0353994711603936
0353994711603937
0353994711603938
0353994711603939
0353994711603940
0353994711603941
0353994711603942
0353994711603943
0353994711603944
0353994711603945
0353994711603946
0353994711603947
0353994711603948
0353994711603949
0353994711603950
0353994711603951
0353994711603952
0353994711603953
0353994711603954
0353994711603955
0353994711603956
0353994711603957
0353994711603958
0353994711603959
0353994711603960
0353994711603961
0353994711603962
0353994711603963
0353994711603964
0353994711603965
0353994711603966
0353994711603967
0353994711603968
0353994711603969
0353994711603970
0353994711603971
0353994711603972
0353994711603973
0353994711603974
0353994711603975
0353994711603976
0353994711603977
0353994711603978
0353994711603979
0353994711603980
0353994711603981
0353994711603982
0353994711603983
0353994711603984
0353994711603985
0353994711603986
0353994711603987
0353994711603988
0353994711603989
0353994711603990
0353994711603991
0353994711603992
0353994711603993
0353994711603994
0353994711603995
0353994711603996
0353994711603997
0353994711603998
0353994711603999
0353994711604000
0353994711604001
0353994711604002
0353994711604003
0353994711604004
0353994711604005
0353994711604006
0353994711604007
0353994711604008
0353994711604009
0353994711604010
0353994711604011
0353994711604012
0353994711604013
0353994711604014
0353994711604015
0353994711604016
0353994711604017
0353994711604018
0353994711604019
0353994711604020
0353994711604021
0353994711604022
0353994711604023
0353994711604024
0353994711604025
0353994711604026
0353994711604027
0353994711604028
0353994711604029
0353994711604030
0353994711604031
0353994711604032
0353994711604033
0353994711604034
0353994711604035
0353994711604036
0353994711604037
0353994711604038
0353994711604039
0353994711604040
0353994711604041
0353994711604042
0353994711604043
0353994711604044
0353994711604045
0353994711604046
0353994711604047
0353994711604048
0353994711604049
0353994711604050
0353994711604051
0353994711604052
0353994711604053
0353994711604054
0353994711604055
0353994711604056
0353994711604057
0353994711604058
0353994711604059
0353994711604060
0353994711604061
0353994711604062
0353994711604063
0353994711604064
0353994711604065
0353994711604066
0353994711604067
0353994711604068
0353994711604069
0353994711604070
0353994711604071
0353994711604072
0353994711604073
0353994711604074
0353994711604075
0353994711604076
0353994711604077
0353994711604078
0353994711604079
0353994711604080
0353994711604081
0353994711604082
0353994711604083
0353994711604084
0353994711604085
0353994711604086
0353994711604087
0353994711604088
0353994711604089
0353994711604090
0353994711604091
0353994711604092
0353994711604093
0353994711604094
0353994711604095
0353994711604096
0353994711604097
0353994711604098
0353994711604099
0353994711604100
0353994711604101
0353994711604102
0353994711604103
0353994711604104
0353994711604105
0353994711604106
0353994711604107
0353994711604108
0353994711604109
0353994711604110
0353994711604111
0353994711604112
0353994711604113
0353994711604114
0353994711604115
0353994711604116
0353994711604117
0353994711604118
0353994711604119
0353994711604120
0353994711604121
0353994711604122
0353994711604123
0353994711604124
0353994711604125
0353994711604126
0353994711604127
0353994711604128
0353994711604129
0353994711604130
0353994711604131
0353994711604132
0353994711604133
0353994711604134
0353994711604135
0353994711604136
0353994711604137
0353994711604138
0353994711604139
0353994711604140
0353994711604141
0353994711604142
0353994711604143
0353994711604144
0353994711604145
0353994711604146
0353994711604147
0353994711604148
0353994711604149
0353994711604150
0353994711604151
0353994711604152
0353994711604153
0353994711604154
0353994711604155
0353994711604156
0353994711604157
0353994711604158
0353994711604159
0353994711604160
0353994711604161
0353994711604162
0353994711604163
0353994711604164
0353994711604165
0353994711604166
0353994711604167
0353994711604168
0353994711604169
0353994711604170
0353994711604171
0353994711604172
0353994711604173
0353994711604174
0353994711604175
0353994711604176
0353994711604177
0353994711604178
0353994711604179
0353994711604180
0353994711604181
0353994711604182
0353994711604183
0353994711604184
0353994711604185
0353994711604186
0353994711604187
0353994711604188
0353994711604189
0353994711604190
0353994711604191
0353994711604192
0353994711604193
0353994711604194
0353994711604195
0353994711604196
0353994711604197
0353994711604198
0353994711604199
0353994711604200
0353994711604201
0353994711604202
0353994711604203
0353994711604204
0353994711604205
0353994711604206
0353994711604207
0353994711604208
0353994711604209
0353994711604210
0353994711604211
0353994711604212
0353994711604213
0353994711604214
0353994711604215
0353994711604216
0353994711604217
0353994711604218
0353994711604219
0353994711604220
0353994711604221
0353994711604222
0353994711604223
0353994711604224
0353994711604225
0353994711604226