0353994711603561
0353994711603562
0353994711603563
0353994711603564
0353994711603565
0353994711603566
0353994711603567
0353994711603568
0353994711603569
0353994711603570
0353994711603571
0353994711603572
0353994711603573
0353994711603574
0353994711603575
0353994711603576
0353994711603577
0353994711603578
0353994711603579
0353994711603580
0353994711603581
0353994711603582
0353994711603583
0353994711603584
0353994711603585
0353994711603586
0353994711603587
0353994711603588
0353994711603589
0353994711603590
0353994711603591
0353994711603592
0353994711603593
0353994711603594
0353994711603595
0353994711603596
0353994711603597
0353994711603598
0353994711603599
0353994711603600
0353994711603601
0353994711603602
0353994711603603
0353994711603604
0353994711603605
0353994711603606
0353994711603607
0353994711603608
0353994711603609
0353994711603610
0353994711603611
0353994711603612
0353994711603613
0353994711603614
0353994711603615
0353994711603616
0353994711603617
0353994711603618
0353994711603619
0353994711603620
0353994711603621
0353994711603622
0353994711603623
0353994711603624
0353994711603625
0353994711603626
0353994711603627
0353994711603628
0353994711603629
0353994711603630
0353994711603631
0353994711603632
0353994711603633
0353994711603634
0353994711603635
0353994711603636
0353994711603637
0353994711603638
0353994711603639
0353994711603640
0353994711603641
0353994711603642
0353994711603643
0353994711603644
0353994711603645
0353994711603646
0353994711603647
0353994711603648
0353994711603649
0353994711603650
0353994711603651
0353994711603652
0353994711603653
0353994711603654
0353994711603655
0353994711603656
0353994711603657
0353994711603658
0353994711603659
0353994711603660