353994711603561
353994711603562
353994711603563
353994711603564
353994711603565
353994711603566
353994711603567
353994711603568
353994711603569
353994711603570
353994711603571
353994711603572
353994711603573
353994711603574
353994711603575
353994711603576
353994711603577
353994711603578
353994711603579
353994711603580
353994711603581
353994711603582
353994711603583
353994711603584
353994711603585
353994711603586
353994711603587
353994711603588
353994711603589
353994711603590
353994711603591
353994711603592
353994711603593
353994711603594
353994711603595
353994711603596
353994711603597
353994711603598
353994711603599
353994711603600
353994711603601
353994711603602
353994711603603
353994711603604
353994711603605
353994711603606
353994711603607
353994711603608
353994711603609
353994711603610
353994711603611
353994711603612
353994711603613
353994711603614
353994711603615
353994711603616
353994711603617
353994711603618
353994711603619
353994711603620
353994711603621
353994711603622
353994711603623
353994711603624
353994711603625
353994711603626
353994711603627
353994711603628
353994711603629
353994711603630
353994711603631
353994711603632
353994711603633
353994711603634
353994711603635
353994711603636
353994711603637
353994711603638
353994711603639
353994711603640
353994711603641
353994711603642
353994711603643
353994711603644
353994711603645
353994711603646
353994711603647
353994711603648
353994711603649
353994711603650
353994711603651
353994711603652
353994711603653
353994711603654
353994711603655
353994711603656
353994711603657
353994711603658
353994711603659
353994711603660
353994711603661
353994711603662
353994711603663
353994711603664
353994711603665
353994711603666
353994711603667
353994711603668
353994711603669
353994711603670
353994711603671
353994711603672
353994711603673
353994711603674
353994711603675
353994711603676
353994711603677
353994711603678
353994711603679
353994711603680
353994711603681
353994711603682
353994711603683
353994711603684
353994711603685
353994711603686
353994711603687
353994711603688
353994711603689
353994711603690
353994711603691
353994711603692
353994711603693
353994711603694
353994711603695
353994711603696
353994711603697
353994711603698
353994711603699
353994711603700
353994711603701
353994711603702
353994711603703
353994711603704
353994711603705
353994711603706
353994711603707
353994711603708
353994711603709
353994711603710
353994711603711
353994711603712
353994711603713
353994711603714
353994711603715
353994711603716
353994711603717
353994711603718
353994711603719
353994711603720
353994711603721
353994711603722
353994711603723
353994711603724
353994711603725
353994711603726
353994711603727
353994711603728
353994711603729
353994711603730
353994711603731
353994711603732
353994711603733
353994711603734
353994711603735
353994711603736
353994711603737
353994711603738
353994711603739
353994711603740
353994711603741
353994711603742
353994711603743
353994711603744
353994711603745
353994711603746
353994711603747
353994711603748
353994711603749
353994711603750
353994711603751
353994711603752
353994711603753
353994711603754
353994711603755
353994711603756
353994711603757
353994711603758
353994711603759
353994711603760
353994711603761
353994711603762
353994711603763
353994711603764
353994711603765
353994711603766
353994711603767
353994711603768
353994711603769
353994711603770
353994711603771
353994711603772
353994711603773
353994711603774
353994711603775
353994711603776
353994711603777
353994711603778
353994711603779
353994711603780
353994711603781
353994711603782
353994711603783
353994711603784
353994711603785
353994711603786
353994711603787
353994711603788
353994711603789
353994711603790
353994711603791
353994711603792
353994711603793
353994711603794
353994711603795
353994711603796
353994711603797
353994711603798
353994711603799
353994711603800
353994711603801
353994711603802
353994711603803
353994711603804
353994711603805
353994711603806
353994711603807
353994711603808
353994711603809
353994711603810
353994711603811
353994711603812
353994711603813
353994711603814
353994711603815
353994711603816
353994711603817
353994711603818
353994711603819
353994711603820
353994711603821
353994711603822
353994711603823
353994711603824
353994711603825
353994711603826
353994711603827
353994711603828
353994711603829
353994711603830
353994711603831
353994711603832
353994711603833
353994711603834
353994711603835
353994711603836
353994711603837
353994711603838
353994711603839
353994711603840
353994711603841
353994711603842
353994711603843
353994711603844
353994711603845
353994711603846
353994711603847
353994711603848
353994711603849
353994711603850
353994711603851
353994711603852
353994711603853
353994711603854
353994711603855
353994711603856
353994711603857
353994711603858
353994711603859
353994711603860
353994711603861
353994711603862
353994711603863
353994711603864
353994711603865
353994711603866
353994711603867
353994711603868
353994711603869
353994711603870
353994711603871
353994711603872
353994711603873
353994711603874
353994711603875
353994711603876
353994711603877
353994711603878
353994711603879
353994711603880
353994711603881
353994711603882
353994711603883
353994711603884
353994711603885
353994711603886
353994711603887
353994711603888
353994711603889
353994711603890
353994711603891
353994711603892
353994711603893
353994711603894
353994711603895
353994711603896
353994711603897
353994711603898
353994711603899
353994711603900
353994711603901
353994711603902
353994711603903
353994711603904
353994711603905
353994711603906
353994711603907
353994711603908
353994711603909
353994711603910
353994711603911
353994711603912
353994711603913
353994711603914
353994711603915
353994711603916
353994711603917
353994711603918
353994711603919
353994711603920
353994711603921
353994711603922
353994711603923
353994711603924
353994711603925
353994711603926
353994711603927
353994711603928
353994711603929
353994711603930
353994711603931
353994711603932
353994711603933
353994711603934
353994711603935
353994711603936
353994711603937
353994711603938
353994711603939
353994711603940
353994711603941
353994711603942
353994711603943
353994711603944
353994711603945
353994711603946
353994711603947
353994711603948
353994711603949
353994711603950
353994711603951
353994711603952
353994711603953
353994711603954
353994711603955
353994711603956
353994711603957
353994711603958
353994711603959
353994711603960
353994711603961
353994711603962
353994711603963
353994711603964
353994711603965
353994711603966
353994711603967
353994711603968
353994711603969
353994711603970
353994711603971
353994711603972
353994711603973
353994711603974
353994711603975
353994711603976
353994711603977
353994711603978
353994711603979
353994711603980
353994711603981
353994711603982
353994711603983
353994711603984
353994711603985
353994711603986
353994711603987
353994711603988
353994711603989
353994711603990
353994711603991
353994711603992
353994711603993
353994711603994
353994711603995
353994711603996
353994711603997
353994711603998
353994711603999
353994711604000
353994711604001
353994711604002
353994711604003
353994711604004
353994711604005
353994711604006
353994711604007
353994711604008
353994711604009
353994711604010
353994711604011
353994711604012
353994711604013
353994711604014
353994711604015
353994711604016
353994711604017
353994711604018
353994711604019
353994711604020
353994711604021
353994711604022
353994711604023
353994711604024
353994711604025
353994711604026
353994711604027
353994711604028
353994711604029
353994711604030
353994711604031
353994711604032
353994711604033
353994711604034
353994711604035
353994711604036
353994711604037
353994711604038
353994711604039
353994711604040
353994711604041
353994711604042
353994711604043
353994711604044
353994711604045
353994711604046
353994711604047
353994711604048
353994711604049
353994711604050
353994711604051
353994711604052
353994711604053
353994711604054
353994711604055
353994711604056
353994711604057
353994711604058
353994711604059
353994711604060
353994711604061
353994711604062
353994711604063
353994711604064
353994711604065
353994711604066
353994711604067
353994711604068
353994711604069
353994711604070
353994711604071
353994711604072
353994711604073
353994711604074
353994711604075
353994711604076
353994711604077
353994711604078
353994711604079
353994711604080
353994711604081
353994711604082
353994711604083
353994711604084
353994711604085
353994711604086
353994711604087
353994711604088
353994711604089
353994711604090
353994711604091
353994711604092
353994711604093
353994711604094
353994711604095
353994711604096
353994711604097
353994711604098
353994711604099
353994711604100
353994711604101
353994711604102
353994711604103
353994711604104
353994711604105
353994711604106
353994711604107
353994711604108
353994711604109
353994711604110
353994711604111
353994711604112
353994711604113
353994711604114
353994711604115
353994711604116
353994711604117
353994711604118
353994711604119
353994711604120
353994711604121
353994711604122
353994711604123
353994711604124
353994711604125
353994711604126
353994711604127
353994711604128
353994711604129
353994711604130
353994711604131
353994711604132
353994711604133
353994711604134
353994711604135
353994711604136
353994711604137
353994711604138
353994711604139
353994711604140
353994711604141
353994711604142
353994711604143
353994711604144
353994711604145
353994711604146
353994711604147
353994711604148
353994711604149
353994711604150
353994711604151
353994711604152
353994711604153
353994711604154
353994711604155
353994711604156
353994711604157
353994711604158
353994711604159
353994711604160
353994711604161
353994711604162
353994711604163
353994711604164
353994711604165
353994711604166
353994711604167
353994711604168
353994711604169
353994711604170
353994711604171
353994711604172
353994711604173
353994711604174
353994711604175
353994711604176
353994711604177
353994711604178
353994711604179
353994711604180
353994711604181
353994711604182
353994711604183
353994711604184
353994711604185
353994711604186
353994711604187
353994711604188
353994711604189
353994711604190
353994711604191
353994711604192
353994711604193
353994711604194
353994711604195
353994711604196
353994711604197
353994711604198
353994711604199
353994711604200
353994711604201
353994711604202
353994711604203
353994711604204
353994711604205
353994711604206
353994711604207
353994711604208
353994711604209
353994711604210
353994711604211
353994711604212
353994711604213
353994711604214
353994711604215
353994711604216
353994711604217
353994711604218
353994711604219
353994711604220
353994711604221
353994711604222
353994711604223
353994711604224
353994711604225
353994711604226
353994711604227
353994711604228
353994711604229
353994711604230
353994711604231
353994711604232
353994711604233
353994711604234
353994711604235
353994711604236
353994711604237
353994711604238
353994711604239
353994711604240
353994711604241
353994711604242
353994711604243
353994711604244
353994711604245
353994711604246
353994711604247
353994711604248
353994711604249
353994711604250
353994711604251
353994711604252
353994711604253
353994711604254
353994711604255
353994711604256
353994711604257
353994711604258
353994711604259
353994711604260
353994711604261
353994711604262
353994711604263
353994711604264
353994711604265
353994711604266
353994711604267
353994711604268
353994711604269
353994711604270
353994711604271
353994711604272
353994711604273
353994711604274
353994711604275
353994711604276
353994711604277
353994711604278
353994711604279
353994711604280
353994711604281
353994711604282
353994711604283
353994711604284
353994711604285
353994711604286
353994711604287
353994711604288
353994711604289
353994711604290
353994711604291
353994711604292
353994711604293
353994711604294
353994711604295
353994711604296
353994711604297
353994711604298
353994711604299
353994711604300
353994711604301
353994711604302
353994711604303
353994711604304
353994711604305
353994711604306
353994711604307
353994711604308
353994711604309
353994711604310
353994711604311
353994711604312
353994711604313
353994711604314
353994711604315
353994711604316
353994711604317
353994711604318
353994711604319
353994711604320
353994711604321
353994711604322
353994711604323
353994711604324
353994711604325
353994711604326
353994711604327
353994711604328
353994711604329
353994711604330
353994711604331
353994711604332
353994711604333
353994711604334
353994711604335
353994711604336
353994711604337
353994711604338
353994711604339
353994711604340
353994711604341
353994711604342
353994711604343
353994711604344
353994711604345
353994711604346
353994711604347
353994711604348
353994711604349
353994711604350
353994711604351
353994711604352
353994711604353
353994711604354
353994711604355
353994711604356
353994711604357
353994711604358
353994711604359
353994711604360
353994711604361
353994711604362
353994711604363
353994711604364
353994711604365
353994711604366
353994711604367
353994711604368
353994711604369
353994711604370
353994711604371
353994711604372
353994711604373
353994711604374
353994711604375
353994711604376
353994711604377
353994711604378
353994711604379
353994711604380
353994711604381
353994711604382
353994711604383
353994711604384
353994711604385
353994711604386
353994711604387
353994711604388
353994711604389
353994711604390
353994711604391
353994711604392
353994711604393
353994711604394
353994711604395
353994711604396
353994711604397
353994711604398
353994711604399
353994711604400
353994711604401
353994711604402
353994711604403
353994711604404
353994711604405
353994711604406
353994711604407
353994711604408
353994711604409
353994711604410
353994711604411
353994711604412
353994711604413
353994711604414
353994711604415
353994711604416
353994711604417
353994711604418
353994711604419
353994711604420
353994711604421
353994711604422
353994711604423
353994711604424
353994711604425
353994711604426
353994711604427
353994711604428
353994711604429
353994711604430
353994711604431
353994711604432
353994711604433
353994711604434
353994711604435
353994711604436
353994711604437
353994711604438
353994711604439
353994711604440
353994711604441
353994711604442
353994711604443
353994711604444
353994711604445
353994711604446
353994711604447
353994711604448
353994711604449
353994711604450
353994711604451
353994711604452
353994711604453
353994711604454
353994711604455
353994711604456
353994711604457
353994711604458
353994711604459
353994711604460
353994711604461
353994711604462
353994711604463
353994711604464
353994711604465
353994711604466
353994711604467
353994711604468
353994711604469
353994711604470
353994711604471
353994711604472
353994711604473
353994711604474
353994711604475
353994711604476
353994711604477
353994711604478
353994711604479
353994711604480
353994711604481
353994711604482
353994711604483
353994711604484
353994711604485
353994711604486
353994711604487
353994711604488
353994711604489
353994711604490
353994711604491
353994711604492
353994711604493
353994711604494
353994711604495
353994711604496
353994711604497
353994711604498
353994711604499
353994711604500
353994711604501
353994711604502
353994711604503
353994711604504
353994711604505
353994711604506
353994711604507
353994711604508
353994711604509
353994711604510
353994711604511
353994711604512
353994711604513
353994711604514
353994711604515
353994711604516
353994711604517
353994711604518
353994711604519
353994711604520
353994711604521
353994711604522
353994711604523
353994711604524
353994711604525
353994711604526
353994711604527
353994711604528
353994711604529
353994711604530
353994711604531
353994711604532
353994711604533
353994711604534
353994711604535
353994711604536
353994711604537
353994711604538
353994711604539
353994711604540
353994711604541
353994711604542
353994711604543
353994711604544
353994711604545
353994711604546
353994711604547
353994711604548
353994711604549
353994711604550
353994711604551
353994711604552
353994711604553
353994711604554
353994711604555
353994711604556
353994711604557
353994711604558
353994711604559
353994711604560
